651
5768
3614
4170
9068
3327
2331
7881
6774
3316
454
9007
7636
2505
9297
1752
7198
2341
2160
6601
5168
3314
1454
4998
7311
5315
7228
9136
2618
5071
9560
6095
7794
9151
3512
1455
9275
1880
5165
4879
4222
5280
3489
4571
8135
8012
8377
4589
50
916
714
4591
1369
8147
9905
1164
4576
4745
8848
1944
1078
1831
3793
9655
3470
913
1218
9107
9709
1602
5346
6235
9516
1132
2513
666
3383
1341
3232
6615
5477
771
2826
8726
4260
6082
2895
4147
3200
4213
5110
9304
4475
4643
655
5215
5038
1836
5741
1848
9613
2689
5834
2083
6375
8459
1496
7021
9295
8336
279
2173
2423
308
8139
2538
174
907
3890
5000
3336
7424
7890
7845
4626
7013
3889
7437
4769
1863
8617
2220
7215
2461
6608
4645
2945
7805
7477
6321
6105
3539
8903
1648
8863
987
4386
1195
7467
6232
9845
8783
6062
5322
8789
5640
8986
7202
4079
494
1795
7196
6488
235
3094
419
5604
4758
5463
2482
3476
3729
9869
347
9037
5907
8159
6391
8925
5622
3473
3377
3332
7625
3331
3989
614
9159
2569
6738
7888
5031
4616
2860
1992
9402
673
656
5713
3818
389
7550
2561
8077
2537
4450
9307
9471
7388
9800
3659
7036
1628
6912
7183
5237
4674
4108
9526
953
6576
1586
8280
6706
2543
289
4199
996
7269
5391
6966
7862
6847
1854
8431
2013
3184
2922
7437
1403
1258
4679
3166
3517
2063
7437
6057
8836
2294
1477
8773
8818
7367
1014
1606
6010
779
4400
1760
3041
3282
6566
6005
3873
9073
7004
4334
2246
3748
9722
3658
914
8631
3743
8885
3478
6915
6736
6708
2351
2224
2233
9641
2985
4654
2863
451
202
8195
8620
3359
467
8536
5608
1011
4358
6474
78
9988
8029
5046
7021
7457
6041
6600
6195
2825
1950
9886
7462
6381
5916
6483
7472
6112
1301
2709
3928
1395
8069
7790
2157
6204
8122
120
1699
7938
5039
5594
804
9405
8195
377
1374
9660
5321
3869
9138
5449
1270
4540
4280
1607
1282
8624
9368
5968
5082
1101
1502
3217
9896
1543
5008
2220
4534
7450
376
9206
7702
6160
1460
5569
8165
5359
81
2599
3770
9656
911
4866
6978
1481
4282
9309
7991
8697
5600
5308
2639
9164
3451
8697
1905
1347
5695
7959
8231
7892
2264
4451
6733
2588
7909
1707
8247
4291
5287
1297
5448
9516
5134
4739
7862
2248
6309
7243
3081
6333
9722
1734
2247
16
31
8342
782
8468
9076
7422
6799
9988
2475
3728
8758
1714
2113
6445
5535
2222
1233
75
1070
6562
4772
5700
9871
4313
2416
7464
5273
5005
9787
4580
3721
378
7386
1989
719
1979
803
7633
5927
7107
939
6297
2652
9268
1147
2252
8813
2961
4977
7958
6466
438
2355
8681
6730
8006
1544
4868
6818
2982
9085
339
4578
7892
4867
7688
9371
6186
9272
1043
3089
9222
5077
8581
9894
803
5919
7988
8572
7800
3168
530
2667
7912
6782
5059
4803
7921
8970
7729
5097
1544
3887
111
5692
2951
4480
2326
6622
1880
3623
9688
6590
3085
6125
6028
104
8134
5117
7696
1583
2897
4024
4445
7856
2783
3099
3104
7374
2862
5923
2466
4573
4005
8230
9604
2450
5901
7911
1319
3586
964
7261
7965
2327
8872
8383
421
3560
5346
9503
7200
1847
4118
6788
3573
2791
1553
3937
5588
2103
1636
4135
2152
2281
9986
1231
8270
4059
6079
1781
6278
3113
9445
6763
5235
6446
1316
9788
7160
442
8016
5787
1609
845
6807
727
3855
4788
8591
3154
5204
2635
385
3477
4867
4816
7693
9655
4696
245
3416
2316
5197
5848
2567
9911
9251
1833
9848
5695
9083
6160
7871
5663
4422
6485
4224
1148
6179
4689
6007
9231
2539
9287
2391
3377
4726
8665
9977
7548
3654
9075
4454
4636
9867
8025
1798
8241
7699
9196
5279
6168
7062
9163
3165
584
5642
8800